番号,区分,２９予算額（千円）,２９構成比（％）,２８予算額（千円）,２８構成比（％）,比較増減額（千円）,増減率（％）
1,都税,5091111557,73.2,5208282204,74.3,-117170647,-2.2
2,地方譲与税,234569150,3.4,244260919,3.5,-9691769,-4.0
3,助成交付金,30459,0.0,30885,0.0,-426,-1.4
4,地方特例交付金,5404982,0.1,4700412,0.1,704570,15.0
5,特別交付金,3108160,0.0,3253375,0.0,-145215,-4.5
6,分担金及負担金,15187841,0.2,14900576,0.2,287265,1.9
7,使用料及手数料,88911351,1.3,88582979,1.3,328372,0.4
8,国庫支出金,385357767,5.5,377832741,5.4,7525026,2.0
9,財産収入,47942279,0.7,40631439,0.6,7310840,18.0
10,寄附金,61000,0.0,78491,0.0,-17491,-22.3
11,繰入金,380654939,5.5,229590465,3.3,151064474,65.8
12,諸収入,403409515,5.8,445511514,6.4,-42101999,-9.5
13,都債,298250000,4.3,353343000,5.0,-55093000,-15.6
14,繰越金,1000,0.0,1000,0.0,0,0.0
合計,,6954000000,100.0,7011000000,100.0,-57000000,-0.8
