番号,区分,２９予算額（千円）,２９構成比（％）,２８予算額（千円）,２８構成比（％）,比較増減額（千円）,増減率（％）
1,議会費,6202000,0.1,6209000,0.1,-7000,-0.1
2,総務費,187749000,2.7,199037000,2.8,-11288000,-5.7
3,徴税費,68948000,1.0,70486000,1.0,-1538000,-2.2
4,生活文化費,26123000,0.4,28517000,0.4,-2394000,-8.4
5,スポーツ振興費,64668000,0.9,84375000,1.2,-19707000,-23.4
6,都市整備費,143533000,2.1,155939000,2.2,-12406000,-8.0
7,環境費,40682000,0.6,49469000,0.7,-8787000,-17.8
8,福祉保健費,1162821000,16.7,1126674000,16.1,36147000,3.2
9,産業労働費,472902000,6.8,476065000,6.8,-3163000,-0.7
10,土木費,590883000,8.5,586038000,8.4,4845000,0.8
11,港湾費,118601000,1.7,109534000,1.6,9067000,8.3
12,教育費,809200000,11.6,803056000,11.5,6144000,0.8
13,学務費,206909000,3.0,199908000,2.9,7001000,3.5
14,警察費,646567000,9.3,656601000,9.4,-10034000,-1.5
15,消防費,249101000,3.6,256723000,3.7,-7622000,-3.0
16,公債費,500176000,7.2,440263000,6.3,59913000,13.6
17,諸支出金,1653935000,23.8,1757106000,25.1,-103171000,-5.9
18,予備費,5000000,0.1,5000000,0.1,0,0.0
合計,,6954000000,100.0,7011000000,100.0,-57000000,-0.8
